cat << "E0F"
0101101101011110110110100111010110101000011000001010010101011000101001101001110111001000110100100101000110001011001111000111110100000001110011011110001000101001100110101110000001101001110100001101001000011110011100011110000010110000010100111010101111
1001111011000000111001001111010101001110100100011011000110010101110101101010100100100000101110110101111010110011110011000010010100101000000110000001000111110001100001100111111011000000000000101110010000101100110010110011010110010100010001001100000000
1100011100100110111101100110000101000010100110010100100101010110111010011100100100100001110010010100100011010110010101101110111100001010011110000000100100010101010110001011001011101000010100011100110100000110000101100000110010110000011111011110100100
1010110000001101100000011110010001111110100111011100001111111010101100001011110100001001001011111100101111011101010100001011011100110100100011001001110010010100111010001000111001100111100000100111010101111001010000000001101100010001010110000001000001
0100001010100101110110100111111000111000110100111000100110001110111101111000111011001000000101010111011101111101010111010011111110011000100001001011010011000000010100111100000110100000100110000000010001001000100111101110101011001000010110101011111010
1111110000001011010001011011001001111010100010011110100110100111000101110101111010000100000101110101001100110010001010000101101110110101110110111110101101000001001110110111011111101111110010010011100101111100011111000000000100011000110110000101010011
0110010100011111011010000110100010010111011111000100100100111010101011001010100101100000100010111110110100001100001010001101011111011001111100011000011111100010110101100111101011111101001001101011000001011011001010011001010000110100110010010010100101
1110001100001011000000111000010001101111101111111011100001010001100100011101011111110011110100111100000010011000111000101100110110111101011001010011101110000011101101100000101001110000110100010100011101010001000110111010111011001010101100110101000101
1010111101111010011001010101101011011101001000100111100110001010100101001110111110011011011100000110100000010101001101011010100011100100110011011000111001101100111110101010000100101011011101010000100001100000010010010011001100111001110111010101110001
1010010111100000101100010010100010111011111001010100111111110111110001000111101000100001111101000101100000110001101011000011010000001010011000111011101011010000111011001000010000111100000010011010000110011110101100011011110001111101111000111101011101
1011110100110110101010110010110110001010001110000010011110000001100001100110010000100101001001001001011101101001011100100000101011111011100010000000110101110110001110011110000110001101010011101010010101101110100000010111000011111001010001110100010110
0000100110001111101011100101000001001110001111101001110010011101011101101010001010000010011101100010000000101001110010100111011001011000001010101100110001000111110011000010101110000100100010010111011011111101001011111010010010101001000010011000000110
0001110101101010100101010111110001011011010110001011111101111011011000110110000011000110110011010101111010111110000110000010001011011100111010100000111111101010100111101000010000001111111000100110000100010010010000111100100010110001110100000010101001
0100001001100110100001000001001000101110010111110100101000110100001000010110011100110111111111011101011110011111111111000111101000110100111111110010011110100110010011100000011001001010001010011000100001010100110001111110010001010111001011111001000010
1000110110011000101110010000100001010001110011001001100100010011001000100100001000100011001110011111110111111100000011100101000110100011001101110111011000010101010110010010011101000000000100000001101101110110101000111010110000010011010010001010111100
0111001110011111100100011101100111001010011101111001001110111111101100011110001000101011001101000100011010101101110110000101100000000111011000001111100001100110101010110001110001111001010111101110100100000001010101011001000001010110001011100010011111
0010010101110011101111011101101001111010000010111010000011101010001111111101111010000100010000001100011000000111000100000111001100010000011100110001110011001000110111001010011100110110000111111001110100011100000100100110101110000110101001100011111100
0010011011111011100001000101001001000011100001011100010010000100011011000100010110001011100011100100100000001110001001011011000001000011011011001001100000010111101011000010110101111110011011110010010110001100100111111110001100110111110101111111011000
0010000111101001010111000111001111110101110010011100111101010010011110101111101010111100000111001000111001000001110101000010101110101000100101111001110000101010100001111010001100000000110101100001110001100110110100001011110001100000010101000110011111
0000000100000011010010011010011110111110000001111101101000010001101010110111101011010111000100101011110100101001100010100001101110000010101001000111110000001010111011101001011111110111000101101110011100100100111001011101001100111010101101100011000001
1001010111000110010001000110011011101100001110011101111101100110111000001000000101011100011000010010111101011011011000111000011011011001101111000100111010110010001001100001101100101010100100011101110011001000001110011100001100010001001110100001010110
0011100001110111100001110000101000110010000111101000011001110101111011010001010000010100100011110100101101000111100000100000111001000100101101101000100110111100110101101111101001101100110100100000110000000110100001000110000110010011101010111111110011
1001101110110110100000000010100001101001010110100101100000011110100100000010001001111101100010010100100000000101101100101100011110010001010010001111101011001010000001101111111101100001111110010100011100000101010101100110010111011100000110101101010111
1001100101101111111000111110000011001101001001110011110100011101111011111001001010000001001010101100101010101110100000000010100110011100001000100000100111100111111110101000001101111000010111011010000010100110111010111001011110001100001111111000110010
1100111000101111111101110010111011011100001000111100111011100000101011100010111010101111111110101001100111011011010010111110111110000011111001000101000000100010000001000110011010100011110110011101100101111010111111100101001001011001110000001101111110
0010001110001010000000001110111100101110000010111101111111100010100111010111111101000011000101100010010010100100011000101100001101100011100010111001010001010011010001000111101101000110000110001010001010000110101011011111110110110001101000100001101100
0111000110111011011000010101111011101011110000011111011001000000101000001101110001001111010001110110011111110010100111000001101110110010100001100001101001100100001010000101000010011011011000001001110001001110101110011110011000111000010010101111011111
1000100011110101011011001000011110101000110011001100010001010100100010001001000111111111000010010100000010101110011011110000011110010111111111011110101101111010100001011100000001101110011110010000010011000100001010001111010000000111101010111101111111
1101111111000010111011110100110001010110001110010111100100010110011010001010011011000011100010110010001010111010000101010000010001000010000100100001000010000010110110000010100111100100101111100010101111100110111001011110000011011111110110101011101110
1000001011001000011011010110110101011111001100010011100001111010011111000101010010011100100111101101000111001000111001010110101110101111010011111100000011011011110101011000010001001111010110000000110011101001101010100110101001001100010010010110000110
0110011010111010110110001011101011111000110100010101010110010000101111100111001100110000100110001010010100011101110100000100110110001011111111110000110000001100100011101001001100010000010000100010011001011011101111011010010000101010010110100111010100
1110100001010010111111100111111100000111010101110101001111010111111101111111101100010001100010111000100011000011000000100101100010100110110001011001000100000110110100010101110011110000101010001100110000100001010000110101101101001000011010110000010000
1000100111010011110100100010110001100101100111111101000010111111010110011000001101000101111011011001100001100010101011111111110010010011010001111000000000111100101010110001100101111100000110110011011000110110101010000110101100100000110101101011011100
1011100010000100001011000110010111000110010111111100111011101010110101010011110101001000011101101000001100110110100110100110110011111000000111000001011100101100001011101001010111000100110100001100111111101011111100101100110010001001110110000110011101
0010001111001001000110100001100111001000010101000101100011111101100111111101111100100000000100010111011011001111111111000010100000010100001011111011001101010101000011011101011011111101110110100100010011110100010000010011011101101101110110100100100110
0100010000110111000011100001001111011111100011011111001001111011011101001010000111001101001100110000110011101111011001111001111011111001000010110111101111010011111011000001010010000110001010111111101010111011001011111010001101010100011111000010100000
0011001110000100110000010110111101011010001100000001101110001101011111101110001011011000110011100101000101111000101101100011010011000111000111110111110110100011011101000011100101101101011011011111100111001010100000000111111100001111011001011110001000
1000111111011111110110110000110011010101100011101100101000110111011000100101010001101110001100101011010000111000100010011011001101110101111011100110110001011000100011110101100011110111110111000010000010001100011011000011010110000010101000111011010010
1001001110011011000000101011011000100010101110001110011001110000110011100010111110000000001000101111001000001110100100110111001000100100001101000011111000101011111011110000111000110011100010110011110001000010011101011111000001110010101001111110101011
1001010011010010101110111010010000111000101001111111001110000111010010010011011001000101101111001101001100110100011010110100101101110111110000010100110010110001101110000111101010110100100111111100001000110010100111001101011010111010000100000111000010
0000111011100111000111100001111111011000000000011010101101011011011101000110110000001010010111011100101001111010000000000001011001111111111110010000110101101101010110111011100101001111100111111111011101011001111100100101101100111011010110111100100111
0011001111100111000101010010000000100100100001110001110111110110101010001100101111000101101001100110011010000011001011011000101111010010000111011110101100010001101110010001110101001011000011110001010011100111001001110100001001000011111011110000010100
0111001001110001110100001100100100101010011100101001010100101010001001100110111001000010001011000001010100010000100011001010101000100101100111110110010101011111100000110000010001101110010000010100011001000010011000111000111110001011101010101000011110
1111101000110111100001011101101111100101110000000011101011101011101001000101100101100010100011110011010000100001010010110110111111110000110111001011101000011001011100111011111100010010111110010100000100011111000101110000010010100111111110110110000100
1110101010010010001100100010001110001011100111010011011001010010011110111101000000011110001011111011101110101010110010010011110000001101011011000010011101001011001101011111101101100011100010101110011111010101010110000111111010100100001111101001011001
0011111111110110101011000010010100111101100011101001001111001000100001100110000111011011010111000101000100000110111101100110111000010010001001110000000010110101111000000111111111000100001110110011010110101100010010001011001010011111010101010001110001
1011110010001101100110110010110000101110000011101100100100111000101110011000001111000110110001101000011100100010101011110010000110111000101010010011011100100100010100110001101001000001111110101110110010001011010111111000001011100111100011011100110010
0010110111011010000010111111000001111010100101010101101100010001001101001010001100111011101100001100001010001101011011100101001001111110010011110111001010011111000100100110010001001110101010000100011111101001011110010001011010000000111110111101010011
0110101101101101001000101100111101011101001011000001010010011000000001101000010001101111100100110011011000110001111001010001001000000011101001010001111111110010101101100011110110100101000011011100010101111010011110011100011000001101000010011011001000
0111001110011111101010111100111010001111101000111110110111000011000110000101011011101001011100011000101100001101000001100001010010000111011111000001000110000001010000110100010001110100111110011011100011000010000110101100110011010000001001111000001101
1111010100011100101000011000110100110001101010110010110101100010101110100110110010010101101011011110101000000000011000000111110010010100101111011010111100100010110101110111010111010010110011001101110101101110010011011000000101000010100100100011111000
1111010100101100100111111100011101101111011111001011110000001001000000001000010111110011110000110101110100100110101000001101110111011101101000101011000110000111010001001000110100111111001000110100101011101111011011011001000111111100111010100101010110
0110011001111100111100010010100110111110001001000111111110101011010001100001101001100010011001100010101010010000011010000010001110101000100010000111110101001000110110101010100000001000111001111100010100011010000001010101001010110000101001101001000011
0010111001001000111000001111110111111010000110101101101111000110000100100001111000010001100001001010011110010010110000010111101111111011110000000001100010000001110001101011011110110111101001001001111001100010110001110001000101110010100101100000010000
1110011100101000010111010000000000011010000101101001101100100101010010011100010111000011110010111001011011110001010010011100001010110000110000100000010001100100110011010001011110110100111001100100110100000110011011100010100111001010111011110111011011
1001111110001100101111000101100001111011000101001010100101000011110000100001111110110000111011010001010111000110010111010010011111000111011110010111011110010101010110101001110010111011100001001101100000101110000101100110101000111100111100101101010001
0111110010100010001011111011101111000111101011110110001111101110100011000100001001110010100000010000001011001101011010000011100110111110000100110101100000000001000111110110101111000011011100010011010001010011110001111110001001110010101000101111010000
0001101000010110001100110110010011001110000000110110001101100001001110011010001111001010000110110010101100101110100110010000000011101111011010010101101101000011110110010000011101011010101100010101100000111111111000001101011000001011111000011001000101
1000110101011010101100110001001101111010101011101100001010001101101110100000111010010010101101110011010011011110111100100000010100011111101000011110101011101000100011110110010100110101111001001000000001101110010101111001011111011001101101110111011111
1110001000100011101100011001110010101010010110111011011011001010000010001001010001100000111101110000001111110101001110011110100111000100000110100001011010101100111110010101011010100000101011111111011010110111000101101000010101010101101010011001011110
0001100010111111010001010111111010100111010100001110000010110110101000111100010000110111000011000101100001111110011110110100001100010000110100011101010110111011000100011111100101110100010001011110101010100001110000101111110111010011010010000001110010
0010011110000010111001001111011011001111101110100011110100111110010111110111111000010101111110010000100010011111000001011010101010110100110111111001000101001011010011010110011110101101101100101010110100000110000010010001001000010001111101110011110110
0110100000000000001100011010110010100000011100101001100010011000111011001010100011001100101011111000101110011011100011001010001001001111010000010101110001001011010010110101001000111001101111001111111000010101000101001000011100001000011000101100110011
1010010111000110011000001000101100000000110111001011110100111101010001011011010000010010110100001000000100010001110011110010011001111110001001110010100011110011100001110100001101011001101001110110100110110010101111000011000110001010001110001101110011

E0F
